1963 16.2289721242 0.429499006806 1.08691562482 3.23343659211 9.48890438199 7.58482939585 0.963498358095 0.52917033316 0.642845531986 0.0603158089624 0.550668427214 0.206327082353 0.0618668929471
1964 15.569809275 0.492809206289 1.09645803368 3.23418837863 9.38233891719 7.52865880393 1.13460455367 0.606631307182 0.809568252541 0.0667236948141 0.583663354198 0.187226677484 0.065602485692
1965 15.7306648677 0.605112890515 1.03549946679 3.57063517547 9.4852579751 7.12859393598 1.09711862613 0.503403644857 0.786843265621 0.0474783149219 0.569056565321 0.189120283738 0.0678672049995
1966 14.7003764595 0.692548108203 0.987138620492 4.21258633255 9.39375140989 7.0588638796 1.21744606947 0.478774112094 0.800388218438 0.0468512039787 0.616662297401 0.197186094365 0.0671431703633
1967 14.8499299147 0.781199744472 0.849770282549 4.30568317585 9.72731189519 6.81561172806 1.24721027187 0.439259781192 0.76475673593 0.0531752864291 0.671798704908 0.223842727106 0.0682670690746
1968 14.61571677 0.719743480667 0.812314131925 4.5217513326 9.92491164937 6.39458998609 1.31344444115 0.373846490253 0.900922853641 0.0391837829179 0.767425487844 0.239001151543 0.0546286079401
1969 14.3363015479 0.622278113487 0.777810985118 4.92765797138 10.0138762067 6.15919759718 1.20712524836 0.416657708326 0.839364668135 0.0444109753799 0.876674313928 0.220120665691 0.0355094144786
1970 13.9128140576 0.566460375911 0.723425145359 5.18462208767 10.2621246239 6.10412888674 1.1554399556 0.356570588186 0.830249259884 0.0389399676472 0.743814093484 0.220063874912 0.038219170681
1971 13.8225040054 0.500058807162 0.672577337125 5.3944678138 10.5346036601 6.0988920226 1.00640889948 0.313071552759 0.813218660768 0.0337008891114 0.701416273498 0.221748654704 0.0499725726758
1972 12.6018820432 0.530290273039 0.624455158441 6.19089626942 10.6666256533 6.11308768043 0.998176739692 0.37262798619 0.994193621065 0.0370401508449 1.01647884956 0.214716518969 0.0454156789677
1973 12.1271973714 0.579039284736 0.613410382425 6.10331697331 10.7983698733 5.67915669588 0.885467778782 0.287944253664 1.67834110524 0.0314022675491 1.22936367818 0.232251911398 0.0441818317006
1974 12.4232743276 0.687730790351 0.556540298372 5.60985879592 11.1652712996 5.08613386738 0.950621009771 0.312901118439 1.85725847024 0.0278976900307 1.3982858132 0.263929394981 0.0491912583329
1975 11.532078159 0.61411868537 0.487330190038 5.60071988345 9.94626002575 4.27902790962 1.12214037661 0.668154530462 3.86982474528 0.0256523690815 3.52367353684 0.246985886661 0.0400498601857
1976 12.0666007008 0.637271948108 0.531072374055 5.71335051634 9.78265128129 4.56397649608 1.10400248702 0.816989758591 3.70776936616 0.0242130943354 3.54868942459 0.298948214467 0.0342426224834
1977 11.2980554975 0.578618247423 0.602308845717 6.30038721354 9.58499010396 4.40725040568 1.17993374986 0.81448024976 3.29367624598 0.0182332204891 4.12741571348 0.277863433457 0.0402874288891
1978 10.7617082806 0.545870063597 0.593165955346 6.52501556895 9.86730528363 4.74007926042 1.17055370604 0.867163015833 1.75534999773 0.0192096864335 3.84039440077 0.289643626511 0.0453791419673
1979 9.32216844345 0.546223703626 0.378764840633 7.47077191772 10.8678393045 5.17530196948 1.10442344227 0.82600667425 1.52338840807 0.0104003972602 2.76155431963 0.302177223928 0.0497482356065
1980 10.9878256208 0.697983367615 0.490311890316 6.10036951795 9.89952018166 5.01996100346 1.22125461353 1.15653859803 1.00941455672 0.0158938527024 3.40566079723 0.313743097762 0.049501528337
1981 11.2821472357 0.807732070723 0.33072279455 6.35837551319 9.19629890683 5.13479993881 1.32027589644 1.31702631557 0.581322870378 0.0107632749878 4.82459781663 0.304358704161 0.045875615579
1982 11.9314630917 0.973263228718 0.330033149599 7.39389857206 8.64522350076 4.91817094458 1.25924250299 0.464776552987 0.383561458498 0.0110419726444 5.62283027764 0.288902561031 0.0451367276443
1983 11.5338150971 1.02616122665 0.379426885597 7.57908133391 9.27656566065 4.97325444708 1.50313097675 0.498792625931 0.7554712031 0.0101487030045 4.53924832116 0.28034304479 0.0408383426233
1984 11.5679037862 1.01801250777 0.374693649098 8.22483204233 9.37548125532 4.97321937291 1.57877003315 0.353788818075 0.988954946961 0.00730487752795 2.23106334581 0.285720861418 0.0445259758772
1985 12.9766670784 1.30979437148 0.644079859701 9.88894182946 9.67348008964 5.42270092243 1.37559301716 0.261329191539 0.66032453922 0.00755281020203 2.09975077641 0.335448810426 0.0390995642713
1986 12.5168100564 1.43769843455 0.610567030747 10.5001163077 10.3163654081 5.60683694655 1.16613712061 0.331421925679 0.580220887629 0.00584011401207 1.31714257899 0.31760454253 0.0458956156998
1987 11.5739779848 1.52290705607 0.550321810897 11.007531012 12.1137701073 5.42611035384 1.01294035764 0.350183703632 0.348528972636 0.00654208758223 1.19674197248 0.326311600564 0.0554458423774
1988 11.0077379934 2.01698308778 0.570378574724 10.2997071818 12.5873222526 5.41946527067 1.02089998678 0.278136685174 0.393106344037 0.00643680172834 1.0646125779 0.332388151838 0.059994455641
1989 11.8055849283 2.26289059983 0.626836335778 10.150212494 12.032314398 5.20753083136 1.05126723631 0.359655612577 0.270375268639 0.00533444464334 0.991349199383 0.306219079723 0.0525974707596
1990 12.5457110631 2.59198106173 0.709991092624 9.64137402566 11.5985548428 4.97972943627 1.10135961569 0.38135868902 0.36163976378 0.00406606387198 1.00717190831 0.316801816152 0.0489210674246
1991 11.8835741388 2.70319544812 0.674049710296 8.87815542985 11.9597142992 5.25224020429 1.09397866386 0.274875842128 0.423174637934 0.0033652742254 1.25736443776 0.291402767514 0.0496609577136
1992 12.2460018401 3.26043391741 0.626137261426 9.30845564225 11.6517856867 5.11814422967 1.12160552485 0.00127247455979 0.434705319249 0.00305200426296 1.45945541891 0.274855840579 0.0496110988002
1993 12.4718161265 3.72641709982 0.594698304638 9.31663816208 11.3577980811 5.02021234959 1.01387058297 0.00146656331978 0.404927630696 0.0020990721664 1.34594727806 0.261776100582 0.044285439831
1994 13.1815508078 4.4171937172 0.724759039985 10.2284404299 9.89794704902 4.81413395441 1.09535514593 0.00106436850589 0.443676519106 0.00191202471325 1.26392220299 0.277639425669 0.0434940864477
1995 13.0499440097 4.70104682162 0.74168019687 9.95441253594 9.84267330977 4.80696562974 1.1904196818 0.0104403546343 0.353161247873 0.00238033760454 1.10246079434 0.234203761418 0.0422057449215
1996 12.6465415951 4.74475708451 0.739447719695 9.27393290324 10.1886398957 4.77944679148 1.22656215774 0.000253203339649 0.340222839317 0.00206568474409 1.06750616109 0.227107695543 0.039687613449
1997 12.885311048 4.90272338871 0.76570489743 8.28742506122 9.58659570274 4.87848426101 1.90366536386 0.000922396971956 0.372409730938 0.00242655453802 1.10362197048 0.218855937791 0.0411305696889
1998 13.5984625634 5.42028814368 0.768469619575 7.54210005982 9.72864612151 4.86117503448 1.62962680205 0.0865585585258 0.221580235982 0.00314979664807 0.760421417192 0.19427904929 0.0405318054641
1999 13.5984625634 5.42028814368 0.768469619575 7.54210005982 9.72864612151 4.86117503448 1.62962680205 0.0865585585258 0.221580235982 0.00314979664807 0.760421417192 0.19427904929 0.0405318054641
2000 13.3385462079 5.85051196779 0.760057357628 7.76009692557 9.40510445626 4.77057224929 1.57502307397 0.188171581236 0.273045804752 0.00131567423983 0.815811162794 0.19241974642 0.0396530404718
2001 12.9636546106 6.61219889831 0.770727225195 7.78673431008 8.47204147522 4.55569687141 1.82482551715 0.25372695475 0.387332011241 0.00175005467636 1.20599435487 0.179970293615 0.035424175771
2002 12.481922591 7.02525584219 0.810755469557 7.0906743912 8.94977639006 4.48367878943 1.85960243236 0.176831197432 0.352723638377 0.00162932373816 1.12558118589 0.181184158925 0.038502363873
2003 11.4636863103 7.94740786274 0.891351131522 6.97139860518 9.34133257245 4.25337543573 1.86571080255 0.132656418881 0.304553414529 0.00164810841675 1.04214463855 0.185231702347 0.0384472081059
2004 10.2508980725 8.58648466831 0.938424912006 6.70415434085 9.69556569694 3.9896160791 1.97647980486 0.118489045969 0.375388180448 0.002601253788 1.16859671691 0.187304852654 0.0355084064046
2005 9.44912219149 9.29960436322 1.03169552651 6.55279390918 9.61945021486 3.72447190104 2.2586148195 0.188377844238 0.397576032428 0.00233131079982 1.25860190801 0.175073386872 0.0327058521062
2006 9.06478784973 10.2696211314 1.09529698381 6.15543348512 9.16849327657 3.56697393235 2.54022217948 0.180224394257 0.462779256233 0.00260893845834 1.57087944658 0.177145596754 0.0288429233886
2007 8.86205703393 10.8251730807 1.14294627858 5.77079831329 8.94274150006 3.34898638612 2.64896985825 0.248293287247 0.574761307753 0.00218089169777 1.71659326044 0.183918034621 0.0300414593427
2008 8.49968448725 11.2591432509 1.26383739072 5.36443072211 9.25618097392 3.30590272685 2.67072353085 0.256705549117 0.572671359212 0.00300959812703 1.5758328897 0.184465783721 0.0307986044827
2009 8.37903246079 11.072877748 1.38247345283 5.05778723341 8.71450621146 3.00923625516 2.99876436879 0.381156446962 0.662140621144 0.00310053985939 1.9852201473 0.171069015644 0.0281138827641
2010 8.65772660981 12.290245107 1.47171855419 5.05605180656 8.69447132116 2.91653058305 2.61064338499 0.309650609965 0.531590670786 0.0106901322862 1.42502699003 0.185390860037 0.0319879286628
2011 8.46000021949 12.8908606016 1.62006401531 5.233453154 8.15299666396 2.66735185638 2.76562408508 0.34233247527 0.592357588589 0.00435634879481 1.59077704408 0.16931515763 0.0306793138683
2012 8.52268907482 10.919598247 1.73414244964 4.73498245383 8.52568055058 2.97546308616 2.97376005161 0 0.750893762355 0.00216190805238 2.09775421042 0.191985922373 0.0307664384047
2013 9.03444089546 11.9808555307 1.693306001 4.6698519985 8.281549595 2.81410084797 3.06871790155 0.551842282938 0 0.00249766478356 2.27128075319 0.205546354365 0.0295995157788
2014 8.93232631434 12.5074374345 1.9058995066 4.04889296748 8.25888442149 3.10302245372 2.98538875481 0.508120046377 0 0.00291578593829 2.12820136828 0.20531405618 0.0282971230745
2015 9.18323090342 13.2800650269 1.80032331839 3.91321901605 8.49389540949 2.89795714749 2.82248428252 0 0 0.00321554379413 0 0.202698540361 0.0286195714098
