1962 15.3350597275 0.462116256928 1.20130629003 3.22823128055 8.84778030503 7.55598425392 1.00866805735 0.540767682009 0.687968043219 0.0716001671489 0.566175296201 0.228646108384 0.0692395664965
1963 14.6883305395 0.538602313182 1.26427827604 3.26379119221 8.88021899581 7.57465162572 1.14692096988 0.607332388597 0.838766662761 0.0797115429009 0.583103382423 0.203184735466 0.0742168489676
1964 14.9442314489 0.643198574732 1.14518427882 3.52466938605 8.93734542543 7.10443170823 1.11366889318 0.513463494349 0.829449098388 0.053466265357 0.583750876065 0.21592344312 0.075040125204
1965 14.2565075342 0.730106974496 1.12103969068 4.07650670948 8.86204688901 7.01819051163 1.23763393877 0.470718540123 0.826869691475 0.054739518042 0.608459127075 0.216719368479 0.074042484208
1966 14.3134138705 0.813806938117 0.96935813031 4.21247184721 9.2006789626 6.78760674695 1.27758708169 0.450101366472 0.810199183644 0.0614068744823 0.688977884306 0.24439571162 0.0759344915857
1967 14.2016339186 0.739058289027 0.904506874292 4.38937842916 9.4057897343 6.35989844726 1.32472746568 0.396450951233 0.980383343289 0.0438302652988 0.815096749866 0.265536449742 0.0596194326816
1968 14.1231992587 0.658889076162 0.833093166488 4.76580620965 9.55165646705 6.12738500889 1.21466633314 0.431410467638 0.892393792975 0.0491339365753 0.902726715398 0.242000349814 0.0382641963766
1969 13.5255576369 0.595728668066 0.767740726455 5.03158554899 9.80965859461 6.04026368546 1.19624159538 0.371003280456 0.885150277516 0.0443813648796 0.774026344646 0.248931133128 0.0420298457564
1970 13.4541885939 0.537418400996 0.732565034765 5.2576776861 9.97692772843 5.97201681516 1.03036408534 0.331264423755 0.879173625106 0.0377588708864 0.741007736695 0.248370577659 0.0547479938273
1971 12.2487156423 0.569046606576 0.68882238849 5.93207250406 10.1387139363 6.00448507234 1.03175463782 0.396371752677 1.08186755916 0.0427363688883 1.07688183908 0.238691491042 0.0483454206618
1972 11.9046017203 0.629560668898 0.672916890586 6.03901368326 10.2773284418 5.64529815595 0.904329095464 0.274860730489 1.62786946756 0.0377065553623 1.15432065791 0.263901824641 0.0480291939034
1973 11.9592504331 0.73517904604 0.610270257023 5.57919839912 10.694921095 5.12949394034 0.970976077159 0.302528499706 1.83399470901 0.033918859649 1.34417823978 0.298427721666 0.0532315874574
1974 11.4954293142 0.722824660767 0.54427674402 5.53446569179 9.78742204918 4.42487648369 1.11769689233 0.592966798516 3.49524058474 0.0326151523564 3.15098533121 0.285649086342 0.0356130561347
1975 11.8465356093 0.715600614445 0.575505798187 5.64257944315 9.58161381863 4.72194846187 1.12168877168 0.745267550406 3.43744684 0.0312061091034 3.2835759481 0.338196580482 0.0278985029866
1976 11.3350407955 0.629184882594 0.651430571637 6.27684077031 9.4162678945 4.51117668262 1.19254276512 0.744257334922 3.04923919254 0.0221415304053 3.79748815117 0.318826371671 0.0414616348227
1977 10.8541376503 0.603525082392 0.628447222992 6.21713410397 9.71180042299 4.76819384504 1.24266856318 0.857257704202 1.76413498125 0.0234549030002 3.83305419142 0.329398515906 0.0349644253456
1978 8.96866964613 0.61267555044 0.437200355244 7.02135708481 10.6593799375 5.28398469871 1.19956491609 0.741576327596 1.41403342501 0.0146495581243 2.53951025392 0.350020445082 0.0411729104237
1979 10.8286682628 0.744114189375 0.543532599708 6.05738125742 9.79042384902 5.09143799796 1.29880334109 1.03694939793 0.93977253393 0.0200253274038 3.1056891176 0.349839326007 0.0398802176207
1980 11.0346876371 0.847690368065 0.367272841444 6.43565248739 9.10669926819 5.18165338685 1.35103629831 1.25920281245 0.570453109242 0.0134227131574 4.6618049314 0.338148526141 0.0391941720188
1981 11.8013680958 1.02173041922 0.354345203547 7.41958544344 8.53003746757 4.87244775471 1.32712750952 0.445161311135 0.378312515492 0.0133667918252 5.46589487311 0.316551359965 0.0386877732479
1982 11.4812499089 1.06617440893 0.392997323921 7.40671413176 9.13070736085 4.92284028678 1.60450953772 0.479306741617 0.73249710208 0.0125631407119 4.44855231639 0.301377781819 0.0344891731889
1983 11.9067902461 1.06378441505 0.387319448655 8.04513536244 9.36261977854 4.83267207 1.6946689958 0.26733581319 0.750747682868 0.00933430140456 1.81605847395 0.309839350335 0.0426409176427
1984 13.3561008725 1.30259567968 0.632030927598 9.64461352905 9.70676307093 5.43142373779 1.35874705619 0.259302162659 0.656305616542 0.00771406087554 2.10361192789 0.33129121445 0.0385855702799
1985 12.9009220934 1.44148755683 0.607782116157 10.0299415926 10.2672250694 5.63964920588 1.1746871679 0.335010094446 0.587282257993 0.00594754901759 1.35108359826 0.315593898367 0.0456549904757
1986 11.8475065432 1.54328276844 0.554493860291 10.3665461332 11.9204598002 5.43509537181 1.08103853913 0.366104846003 0.364543360836 0.00682549895351 1.27058446508 0.327991487398 0.0576442951038
1987 11.2806450925 2.01893744495 0.569211976547 9.84700049494 12.460225545 5.41086408373 1.06168582497 0.278179586378 0.393619949824 0.00671991633677 1.08506397373 0.334297594235 0.0612734599481
1988 11.9728695651 2.25988749467 0.622660019649 9.75336427329 11.9243643472 5.19285214371 1.09812587778 0.373998634909 0.282010147546 0.00551963980434 1.03637135063 0.30572859376 0.0539980499572
1989 12.7279171499 2.54988158072 0.706774446055 9.42799872408 11.5571743629 4.97365123016 1.12541318877 0.373177139625 0.355200458383 0.00416463444931 0.999204584996 0.315787860208 0.0494951232839
1990 12.0379207334 2.64834063963 0.671975279538 8.73135161117 11.9858929518 5.25877557235 1.10398570354 0.266386070838 0.410515330271 0.00338440291944 1.2312582488 0.290321031911 0.049118687491
1991 12.3935945284 3.18303291377 0.624088774118 9.1355357525 11.6541196728 5.11554017119 1.13876328362 0.00126924692333 0.434046625193 0.00302749781936 1.4663047556 0.276613259236 0.0498085963948
1992 12.6222416195 3.61177318949 0.594070502387 9.07815139373 11.3369961635 5.02325981392 1.05049154461 0.00150046495129 0.413687112974 0.00211440203906 1.38627101907 0.260516689213 0.046054386563
1993 13.3253950672 4.23041599477 0.721565220233 9.93053971495 9.89780477554 4.81854095981 1.13851965437 0.00109149221044 0.457775712173 0.00195080690156 1.31047623046 0.277522460839 0.0459514676228
1994 13.2146241598 4.48038874788 0.734286591083 9.69478211478 9.90510147686 4.81006414152 1.22751747977 0.0105951837478 0.361755665205 0.0024932897345 1.13067967927 0.234702613829 0.0449273979916
1995 11.5826933169 4.41835697154 0.67641461879 9.38249801436 11.0890927182 4.8430009722 1.09744431604 0.00868675048126 0.276697126452 0.00148271254731 1.31364166469 0.242676081411 0.0463745779535
1996 12.1315379407 4.38279125827 0.721060063279 8.28573622245 10.4993260597 4.94404821364 1.72683959437 0.000669102095489 0.303027078672 0.00183401349119 1.39997502292 0.237689338391 0.0475712045954
1997 12.5332410343 4.86692419652 0.740745851261 8.23110542691 9.98818450539 4.95431316703 1.6922886809 0.0566177009371 0.513637425824 0.00202078081329 1.01254363208 0.214871875884 0.0443439869078
1998 12.5472742039 4.95075163044 0.695688174588 7.8037363113 10.68560143 5.01437090995 1.54259578906 0.0954438062105 0.278774052542 0.00226864990845 0.697610691046 0.212051878956 0.0460922088078
1999 12.2859095695 5.28332591766 0.696137634626 8.02033274013 10.2995641231 4.82672730846 1.41641009921 0.168091103052 0.371977485734 0.00135214822307 1.29643407287 0.208683883931 0.0460517716432
2000 12.9298109022 5.78711314781 0.717123677123 8.03257148639 8.81750276325 4.43408271714 1.73267212856 0.223841762394 0.63806708206 0.00178523190351 1.17253435346 0.180129143713 0.0387864000844
2001 12.5087415939 6.25039170231 0.75567758625 7.13168032249 9.50238845521 4.35368965042 1.60449366113 0.168522008402 0.56523516968 0.0011016558638 1.08647330201 0.18664362634 0.0413488601724
2002 11.3912216502 7.04745398715 0.80459840969 7.03838083386 9.79513119183 4.19410610947 1.7139631914 0.118025766666 0.469925843632 0.00100614300977 1.51645743053 0.187207986342 0.0421334746492
2003 10.3187639826 7.56679587073 0.927070302863 6.92992087525 9.95998537309 3.92283158599 1.83400682226 0.103002009339 0.552475342287 0.0022264112891 1.30659920237 0.19324316052 0.0389908442365
2004 9.51149329071 8.24703685567 1.00786226482 6.8266917048 9.9346528883 3.64959054638 1.95619675846 0.140192527912 0.518436469146 0.00198654801496 2.17467830684 0.180970387214 0.0375823316046
2005 9.08568790304 8.93287053752 1.084908134 6.34331263278 9.62505964813 3.5240412132 2.36353386403 0.150049192818 0.644236561157 0.00206987895461 1.76307262903 0.183600821514 0.0330210758155
2006 11.1918713013 11.2743298542 1.38239688514 7.25811442766 11.9215887413 0 2.76612789483 0.215759275424 0.793872278766 0.00217598899204 1.95096280928 0 0
2007 8.58920849235 10.1701811926 1.22866396012 5.68502992668 9.54514725976 3.12910071978 2.47422650049 0.205698813517 0.472860678753 0.00244422171106 1.95473975092 0.186734877385 0.0388257601748
2008 8.24420636899 10.4896857947 1.09932143091 5.39965399382 9.48132975323 2.99172183642 2.84626867361 0.251006239873 0.454539728369 0.00138065365584 2.96478958852 0.180901130486 0.0360218973809
2009 8.36596342573 11.2700281413 1.41445177111 5.1222063614 9.3164745376 2.93216811647 2.37875293583 0.243454973244 0.436087432197 0.0100736165494 2.43276289323 0.185698387811 0.0395566800963
2010 8.2201975787 12.1226449191 1.44160979053 5.55333308499 8.68201339702 2.70131708812 2.50501249808 0.259719078738 0.475296123052 0.00330979656577 2.66951688938 0.169849058124 0.0359187376381
2011 7.9180305454 11.7661486923 1.58983618403 5.0579054518 8.57801764309 2.59489524884 2.6741782883 0.315180555477 0.893336664469 0.00264768215998 2.98366174747 0.186321113104 0.0346550851016
2012 8.34581333713 12.5098682752 1.59969417927 4.91904918706 8.26381103805 2.57997500159 2.59662606508 0.366504580736 0.335037076394 0.00238547200619 3.38814200796 0.198420667162 0.0343349437925
2013 8.2839959205 12.8246627541 1.65480463638 4.3644876013 8.18564650672 2.59497150589 2.58837600754 0.395974786512 0.265512437198 0.0036925598218 2.8529929815 0.194745894145 0.0333451423397
2014 8.52001611349 13.3475925528 1.67180410899 4.17687330611 8.36614127585 2.72810411175 2.54169373416 0.431953037409 0.304405375711 0.00423118377002 1.7867566117 0.189521671322 0.0335755117916
